64.33333333333333
47.0
53.333333333333336
57.0
52.333333333333336
77.0
69.33333333333333
79.33333333333333
78.0
71.66666666666667
63.666666666666664
59.333333333333336
51.0
50.666666666666664
63.666666666666664
57.333333333333336
55.333333333333336
57.333333333333336
59.0
46.333333333333336
70.66666666666667
54.0
35.0
62.666666666666664
57.0
47.0
81.0
53.666666666666664
57.0
70.33333333333333
30.666666666666668
64.33333333333333
64.33333333333333
55.666666666666664
58.666666666666664
48.666666666666664
51.333333333333336
73.33333333333333
55.666666666666664
77.0
57.0
36.333333333333336
68.66666666666667
45.333333333333336
39.333333333333336
48.0
69.66666666666667
58.0
67.33333333333333
40.0
57.0
65.66666666666667
72.33333333333333
65.0
74.66666666666667
83.0
80.33333333333333
66.66666666666667
51.0
63.333333333333336
45.666666666666664
58.666666666666664
73.0
64.0
59.666666666666664
82.0
90.33333333333333
60.0
42.333333333333336
75.33333333333333
51.666666666666664
55.0
54.0
53.333333333333336
63.333333333333336
44.333333333333336
56.666666666666664
72.66666666666667
84.33333333333333
54.0
59.666666666666664
47.666666666666664
41.0
85.33333333333333
69.33333333333333
41.0
62.77906976744186 57.83720930232558 59.872093023255815